0    1    2    3    4    5    6    7    8    9    10    11   12   13   14   15   16    17   18    19
18   67   121  189  119  40   147  131  -31  179  140   6    -69  -63  12   -90  122   -76  -9    21

1) 2 4 6 12 13 19
   121, 119, 147, -69, -63, 21
   276

2) 0 3 5 6 8 10 13 14 16 17 18 19
   18, 189, 40, 147, -31, 140, -63, 12, 122, -76, -9, 21
   510

3) 1 2 5 7 8 11 13 17 18 19
   67, 121, 40, 131, -31, 6, -63, -76, -9, 21
   207

4) 2 3 7 9 11 16 17
   121, 189, 131, 179, 6, 122, -76
   672

5) 1 5 10 15 17 18 19
   67, 40, 140, -90, -76, -9, 21
   93

0    1    2    3    4    5    6    7    8    9    10    11   12   13   14   15   16    17   18    19
170  142  -12  17   -49  -47  91   117  64   32   4     106  159  -76  -23  -44  -100  -68  -100  -68

1) 2 4 6 12 13 19
   -12, -49, 91, 159, -76, -68
   45

2) 0 3 5 6 8 10 13 14 16 17 18 19
   170, 17, -47, 91, 64, 4, -76, -23, -100, -68, -100, -68
   -136

3) 1 2 5 7 8 11 13 17 18 19
   142, -12, -47, 117, 64, 6, 106, -68, -100, -68
   140

4) 2 3 7 9 11 16 17
   -12, 17, 117, 32, 106, -100, -68
   92

5) 1 5 10 15 17 18 19
   142, -47, 4, -44, -68, -100, -68
   -181

0    1    2    3    4    5    6    7    8    9    10    11   12   13   14   15   16    17   18    19
-4   -91  6    -64  115  -67  -9   57   71   149  150   110  4    78   32   -28  -5    -74  167   -74

1) 2 4 6 12 13 19
   6, 115, -9, 4, 78, -74
   120

2) 0 3 5 6 8 10 13 14 16 17 18 19
   -4, -64, -67, -9, 71, 150, 78, 32, -5, -74, 167, -74
   201

3) 1 2 5 7 8 11 13 17 18 19
   -91, 6, -67, 57, 71, 110, 78, -74, 167, -74
   183

4) 2 3 7 9 11 16 17
   6, -64, 57, 149, 110, -5, -74
   179

5) 1 5 10 15 17 18 19
   -91, -67, 150, -28, -74, 167, -74
   -17

0    1    2    3    4    5    6    7    8    9    10    11   12   13   14   15   16    17   18    19
-38  -51  109  121  -10  193  -53  161  113  158  -38   -51  109  121  -10  193  -53   161  113   158

1) 2 4 6 12 13 19
   109, -10, -53, 109, 121, 158
   434

2) 0 3 5 6 8 10 13 14 16 17 18 19
   -38, 121, 193, -53, 113, -38, 121, -10, -53, 161, 113, 158
   788

3) 1 2 5 7 8 11 13 17 18 19
   -51, 109, 193, 161, 113, -51, 121, 161, 113, 158
   1027

4) 2 3 7 9 11 16 17
   109, 121, 161, 158, -51, -53, 161
   606

5) 1 5 10 15 17 18 19
   -51, 193, -38, 193, 161, 113, 158
   729

0    1    2    3    4    5    6    7    8    9    10    11   12   13   14   15   16    17   18    19
145  -44  24   37   57   156  51   35   -16  35   114   33   57   156  51   35   -16   35   114   33

1) 2 4 6 12 13 19
   24, 57, 51, 57, 156, 33
   378

2) 0 3 5 6 8 10 13 14 16 17 18 19
   145, 37, 156, 51, -16, 114, 156, 51, -16, 35, 114, 33
   860

3) 1 2 5 7 8 11 13 17 18 19
   -44, 24, 156, 35, -16, 33, 156, 35, 114, 33
   526

4) 2 3 7 9 11 16 17
   24, 37, 35, 35, 33, -16, 35
   183

5) 1 5 10 15 17 18 19
   -44, 156, 114, 35, 35, 114, 33
   443